3.1553
3.9153
7.2923
15.2190
15.7201
4.9223
9.1443
2.8999
13.2243
8.9772
7.6399
4.8470
6.3216
13.8706
15.6704
10.9715
8.1055
11.5376
2.4878
14.7329
3.0186
14.8697
2.2429
16.6093
6.0804
2.6065
11.1016
4.2420
1.9769
14.6863
12.4131
15.3724
10.2480
11.6638
10.8622
8.3636
1.4875
5.5099
15.7575
6.1377
11.6041
4.4298
4.6502
6.8385
13.2653
1.1699
1.2586
15.4844
10.2103
10.0469
14.1624
8.9075
9.2210
11.3554
16.7927
3.8213
11.0364
4.0704
1.1735
1.3497
13.4213
15.1943
13.9916
11.5207
16.5524
7.5430
5.7611
14.9621
3.8434
15.9975
11.5002
6.3125
2.5493
14.5367
9.9700
7.1933
11.5366
6.4684
7.1862
9.6175
13.0015
14.8655
9.8787
8.2662
8.0648
3.7786
12.8348
1.5701
13.6824
4.5608
7.5889
13.7039
7.5315
11.0979
7.8079
3.5524
2.1872
13.7588
15.0765
5.3525