16.79
16.61
16.55
16.00
15.76
15.72
15.67
15.48
15.37
15.22
15.19
15.08
14.96
14.87
14.87
14.73
14.69
14.54
14.16
13.99
13.87
13.76
13.70
13.68
13.42
13.27
13.22
13.00
12.83
12.41
11.66
11.60
11.54
11.54
11.52
11.50
11.36
11.10
11.10
11.04
10.97
10.86
10.25
10.21
10.05
9.97
9.88
9.62
9.22
9.14
8.98
8.91
8.36
8.27
8.11
8.06
7.81
7.64
7.59
7.54
7.53
7.29
7.19
7.19
6.84
6.47
6.32
6.31
6.14
6.08
5.76
5.51
5.35
4.92
4.85
4.65
4.56
4.43
4.24
4.07
3.92
3.84
3.82
3.78
3.55
3.16
3.02
2.90
2.61
2.55
2.49
2.24
2.19
1.98
1.57
1.49
1.35
1.26
1.17
1.17