1.17
1.17
1.26
1.35
1.49
1.57
1.98
2.19
2.24
2.49
2.55
2.61
2.90
3.02
3.16
3.55
3.78
3.82
3.84
3.92
4.07
4.24
4.43
4.56
4.65
4.85
4.92
5.35
5.51
5.76
6.08
6.14
6.31
6.32
6.47
6.84
7.19
7.19
7.29
7.53
7.54
7.59
7.64
7.81
8.06
8.11
8.27
8.36
8.91
8.98
9.14
9.22
9.62
9.88
9.97
10.05
10.21
10.25
10.86
10.97
11.04
11.10
11.10
11.36
11.50
11.52
11.54
11.54
11.60
11.66
12.41
12.83
13.00
13.22
13.27
13.42
13.68
13.70
13.76
13.87
13.99
14.16
14.54
14.69
14.73
14.87
14.87
14.96
15.08
15.19
15.22
15.37
15.48
15.67
15.72
15.76
16.00
16.55
16.61
16.79